2.276375406610754453e+03 7.428534896700986678e+01
2.276375406610754453e+03 7.428534896700986678e+01
1.030910966926223864e+03 2.572947136523676477e+02
1.030910966926223864e+03 2.572947136523676477e+02
2.256738250742292621e+03 7.621527446672024553e+01
1.134499705922227349e+03 8.647214112375293382e+01
1.106011879409314815e+03 1.379435019698798044e+02
1.109920882511314858e+03 1.104556275236840861e+02
1.079279831062336370e+03 1.725956470639096949e+02
1.086305956674408435e+03 1.488394706202488749e+02
1.030965135271111649e+03 2.396278116712382484e+02
1.064850521414935429e+03 1.875737882338317490e+02
1.038258477639666353e+03 2.221278940387800276e+02
1.034159308249788410e+03 2.362988705279779253e+02
1.131172946276020866e+03 8.756387455510152051e+01
1.074010951925799418e+03 1.736870000072553353e+02
1.126143299811258430e+03 1.025925176209094047e+02
1.058185473958689499e+03 1.909856548084931092e+02
1.030916581293543004e+03 2.558904548271029569e+02
1.040367422359503962e+03 2.185272197125004823e+02
2.256738250742292621e+03 7.621527446672024553e+01
1.097991226501234451e+03 1.474838431190042343e+02
1.054306147211885218e+03 2.025934823728075287e+02
1.134499705922227349e+03 8.647214112375293382e+01
1.105904648870306119e+03 1.387866392247817657e+02
1.126049564207556159e+03 1.033885960522819687e+02
1.110174967107951261e+03 1.099850392883899843e+02
1.052765686870145828e+03 2.101551608366123958e+02
1.052765686870145828e+03 2.101551608366123958e+02
1.054306147211885218e+03 2.025934823728075287e+02
