4.835997158127708531e+02 1.633731060028076172e+02
5.220878341359403976e+02 1.169999136317010198e+02
5.220878341359403976e+02 1.169999136317010198e+02
5.181717724106443939e+02 1.170185606601191779e+02
5.176239821323317756e+02 1.168585450303321096e+02
5.136878942146448708e+02 1.174189254555047910e+02
5.109661780877809747e+02 1.181390431086222605e+02
5.096544048757306768e+02 1.182031293812920012e+02
5.086756253393872953e+02 1.181236156968509619e+02
5.084298946638483585e+02 1.181942902789396470e+02
5.081313415517660701e+02 1.183040942005082883e+02
5.063044897180188286e+02 1.190480628387600888e+02
5.054481966027392446e+02 1.196873216068043604e+02
5.031549196074212773e+02 1.204481059205298266e+02
5.031549196074212773e+02 1.204481059205298266e+02
5.031549196074212773e+02 1.204481059205298266e+02
5.030575767164398826e+02 1.206685216118307835e+02
4.958159471865886303e+02 1.278828708274691621e+02
4.956412170643660602e+02 1.278671845529593725e+02
4.949076357307497460e+02 1.285691453372730848e+02
4.945500974931980522e+02 1.290564629124660030e+02
4.868414680007428501e+02 1.415098706787707670e+02
4.868414680007428501e+02 1.415098706787707670e+02
4.869341779256640166e+02 1.420196746003393855e+02
4.857126821566218950e+02 1.454432040121041041e+02
4.859553940268879160e+02 1.458667334238688227e+02
4.857603651437343046e+02 1.458973137724633204e+02
4.857603651437343046e+02 1.458973137724633204e+02
4.849388061588231835e+02 1.524724196864109445e+02
4.844504683142008048e+02 1.603979098824893583e+02
4.836401498937579504e+02 1.615704589020971866e+02
4.836098233446553536e+02 1.624395373849307589e+02
