4.638558408479461264e+02 2.116467648375268027e+02
6.039486235487028125e+02 9.270332553293188482e+01
6.039486235487028125e+02 9.270332553293188482e+01
6.023651764891751554e+02 9.272685494469659773e+01
5.862444313371266844e+02 9.346300400331908520e+01
5.669914512133186690e+02 9.546907843608481414e+01
5.556715314714396072e+02 9.678766278846590865e+01
5.471629220489338650e+02 9.847807057885562187e+01
5.494716567547250179e+02 9.786189411948710415e+01
5.409437660800015237e+02 1.002507294505250144e+02
5.411613651986442619e+02 1.000743020356869835e+02
5.405695061338019514e+02 1.004066981203415594e+02
5.395805990991852923e+02 1.006686745868009751e+02
5.406083999756431240e+02 1.001658628183252517e+02
5.363878759578683457e+02 1.024192706519482101e+02
5.338950811679708295e+02 1.041100823851192558e+02
5.346773105762736122e+02 1.046904745419819989e+02
5.346773105762736122e+02 1.046904745419819989e+02
5.346637031112612704e+02 1.047049882757897308e+02
4.671126011995740441e+02 1.983274705924239640e+02
4.671126011995740441e+02 1.983274705924239640e+02
4.669796188035481350e+02 1.985353137296788759e+02
4.669796188035481350e+02 1.985353137296788759e+02
4.669796188035481350e+02 1.985353137296788759e+02
4.635982033422006907e+02 2.072728078580369981e+02
4.634844259591507694e+02 2.068236587599211873e+02
4.634477240266913896e+02 2.069530705246270657e+02
4.640074281423894149e+02 2.067648352305094193e+02
4.637290736608052839e+02 2.080453138314041439e+02
4.638546912824702986e+02 2.102217844196394196e+02
4.638415474959152789e+02 2.103997060139973883e+02
4.638558408479461264e+02 2.116467648375268027e+02
