1.423205215880683454e+02 8.018203921448948677e+02
3.434882550061917641e+02 3.243608275619208143e+02
3.434882550061917641e+02 3.243608275619208143e+02
3.330656236891652497e+02 3.242324356602688340e+02
3.354905609411351293e+02 3.240313294952991896e+02
3.323643216282713411e+02 3.244440549738267805e+02
3.327202001814748087e+02 3.243113177636091109e+02
3.262879960209715478e+02 3.250622590925179907e+02
3.245424078455158110e+02 3.246938040508944141e+02
3.136066468650220145e+02 3.281667097877054289e+02
3.099546663639592907e+02 3.293125138600667583e+02
3.081541487759236020e+02 3.297403058313855695e+02
3.014420665750316743e+02 3.329153056126015144e+02
3.008870821494682559e+02 3.329252941299887425e+02
2.958990120167826490e+02 3.354199919476229184e+02
2.903804743832233157e+02 3.399981292724609716e+02
2.838466119980111557e+02 3.453206782546697582e+02
2.633165255387623347e+02 3.642984432669247212e+02
2.103226237518238122e+02 4.251261684043735727e+02
1.969784353234311993e+02 4.416804743748085116e+02
1.882511843728083818e+02 4.533665645225376011e+02
1.786205098552446771e+02 4.647789879892386580e+02
1.646413921633479731e+02 4.889482941272211747e+02
1.649959921211881237e+02 4.887378626804725172e+02
1.547300980724248234e+02 5.091125177720014676e+02
1.552138548822087500e+02 5.096459530101103041e+02
1.542131333658800258e+02 5.109128981047986144e+02
1.542131333658800258e+02 5.109128981047986144e+02
1.523819686577892583e+02 5.313637293198530642e+02
1.498597412158461282e+02 5.507100624234069528e+02
1.442945804253804454e+02 6.097369528377757888e+02
1.437907255161626381e+02 6.301720546946806962e+02
