4.665036900963793869e+02 2.306500469955743426e+02
6.054277160353964291e+02 9.013821184120926944e+01
6.054277160353964291e+02 9.013821184120926944e+01
5.810151748872010558e+02 9.053495296777464318e+01
5.660782841080109620e+02 9.148228626251221840e+01
5.623891139892024285e+02 9.217523136886897817e+01
5.387454432604861267e+02 9.615225870469035385e+01
5.378423750003498753e+02 9.629343517527861707e+01
5.369000927542006139e+02 9.650867438970826129e+01
5.351994972535443367e+02 9.694789007598278374e+01
5.298573685216118747e+02 9.889334510354437668e+01
5.281780855542983772e+02 9.930903137805417202e+01
5.169402989061013614e+02 1.042784745309867134e+02
5.132584480377601039e+02 1.065945410485361435e+02
5.098896545935193672e+02 1.086471410339953678e+02
5.055018075774643762e+02 1.115941176246194289e+02
4.995098513083671605e+02 1.170762628817090842e+02
4.981024548851576128e+02 1.179987687578388176e+02
4.974452559196498100e+02 1.187167530658198160e+02
4.857230518335383067e+02 1.317581411324295289e+02
4.846735349335488650e+02 1.329711215748506277e+02
4.846735349335488650e+02 1.329711215748506277e+02
4.846735349335488650e+02 1.329711215748506277e+02
4.824339659289484530e+02 1.375318432153439971e+02
4.722586149484995985e+02 1.656832902870926318e+02
4.727471377248825775e+02 1.636676040125828422e+02
4.711072270662947403e+02 1.692160079731660289e+02
4.711072270662947403e+02 1.692160079731660289e+02
4.698326937025963730e+02 1.754780431410845267e+02
4.690311043105501199e+02 1.789956901999080969e+02
4.679355762735978601e+02 1.866502512015547950e+02
4.666812668679239664e+02 2.087592277078067582e+02
