4.632078368455644863e+02 4.600000000000000000e+02 4.600000000000000000e+02
7.886296963579028443e+02 2.690196078431372371e+02 5.539450980392157362e+02
5.879889600592798615e+02 3.986549019607843434e+02 3.523254901960784764e+02
6.484358907547425588e+02 3.369843137254902103e+02 4.508117647058823536e+02
5.127542660121459903e+02 4.003019607843137351e+02 3.985843137254902331e+02
7.260445821398764110e+02 3.335725490196078340e+02 5.134980392156862763e+02
4.896322629432459621e+02 4.210666666666666629e+02 4.568980392156862536e+02
5.430153478677964358e+02 3.932509803921568619e+02 3.860509803921568732e+02
5.214170349322345146e+02 3.964666666666666970e+02 3.814588235294118022e+02
5.219667234299339498e+02 3.964666666666666970e+02 3.803882352941176350e+02
4.952175046485734811e+02 4.240156862745097897e+02 4.579882352941176578e+02
5.295867240490415497e+02 3.933882352941176350e+02 3.880313725490195793e+02
5.512399558695007045e+02 4.012509803921568619e+02 3.819411764705882320e+02
5.242217481991100385e+02 3.951294117647058783e+02 3.940823529411765094e+02
6.572687014580077403e+02 3.387960784313726208e+02 4.493882352941176350e+02
6.128497972618240510e+02 3.670980392156862422e+02 4.328078431372549062e+02
6.710296610716477517e+02 3.406156862745098124e+02 4.604431372549019557e+02
5.212337706747047150e+02 3.973333333333333712e+02 4.130980392156862990e+02
5.088423421582835999e+02 4.021960784313725412e+02 4.080352941176470267e+02
5.065502933320556735e+02 4.012313725490196248e+02 4.051490196078431154e+02
5.990868278624850518e+02 3.915137254901961228e+02 4.023254901960784764e+02
5.164685412137521325e+02 3.972549019607843093e+02 4.012352941176470722e+02
6.723845194764244297e+02 3.693019607843136782e+02 4.486431372549019443e+02
5.448995019952212715e+02 3.922509803921568619e+02 3.825254901960784082e+02
5.066124266568435814e+02 4.031882352941176464e+02 4.177450980392156907e+02
5.460126361978449268e+02 3.937058823529412166e+02 3.745843137254901762e+02
6.546311982199027852e+02 3.306549019607844002e+02 4.631450980392156680e+02
5.771631492994346218e+02 3.787607843137254804e+02 3.747176470588235588e+02
5.206973610756648441e+02 3.977607843137254804e+02 3.847568627450980330e+02
5.228560740125025177e+02 3.977607843137254804e+02 3.826352941176470495e+02
6.359734192793075636e+02 3.417058823529412166e+02 4.541450980392157248e+02
5.204094945989028247e+02 3.978000000000000114e+02 3.895254901960784082e+02
6.336279139828671987e+02 3.805137254901960659e+02 4.409686274509803638e+02
5.866030471154398356e+02 3.753450980392156566e+02 3.776431372549019443e+02
6.361446415946735442e+02 3.885372549019608073e+02 4.493333333333333712e+02
6.934447650980780509e+02 3.217764705882353837e+02 4.574470588235294031e+02
5.372926306089385662e+02 3.922509803921568619e+02 3.701921568627450938e+02
6.278249242861594439e+02 3.639921568627451052e+02 4.334627450980392496e+02
5.264664279628070744e+02 3.969647058823529733e+02 3.802235294117647300e+02
5.413233850141670018e+02 3.932509803921568619e+02 3.739882352941176578e+02
5.218984543476225326e+02 3.964666666666666970e+02 3.798078431372548494e+02
5.852829905675760074e+02 3.813843137254901876e+02 3.793176470588235816e+02
5.255171223595373249e+02 3.904705882352941444e+02 3.830941176470587379e+02
5.126579782871622228e+02 3.972549019607843093e+02 4.039607843137255259e+02
6.103533161173404551e+02 3.846000000000000227e+02 4.364784313725490392e+02
5.912038428435309925e+02 3.783568627450980557e+02 3.858274509803921433e+02
5.143278861876057135e+02 3.972549019607843093e+02 4.030784313725490620e+02
5.634615485912700024e+02 3.947176470588235588e+02 3.643333333333333712e+02
5.857589827373420803e+02 3.880745098039215577e+02 3.948627450980392268e+02
5.175577096544593587e+02 3.970000000000000000e+02 3.844666666666666401e+02
5.905356257689929862e+02 3.763019607843136782e+02 3.893019607843137919e+02
7.028780817065201063e+02 2.924235294117646617e+02 5.077764705882353269e+02
5.271036032116608112e+02 3.961294117647058783e+02 3.812196078431372825e+02
5.083812436354750162e+02 4.011882352941176464e+02 4.027843137254901649e+02
5.798469364043626229e+02 3.782823529411764412e+02 3.799764705882352587e+02
5.107239710890883657e+02 3.951529411764705628e+02 4.014509803921569073e+02
6.538362498412107016e+02 3.324470588235294031e+02 4.636980392156862649e+02
6.589533278276038573e+02 3.533254901960784764e+02 4.320352941176470836e+02
6.571014667175118120e+02 3.557058823529412166e+02 4.365098039215685617e+02
5.051510184989484742e+02 3.967607843137254804e+02 4.217058823529412166e+02
5.981085205457272878e+02 3.854156862745097669e+02 4.189803921568627629e+02
4.965788285638285515e+02 4.005843137254901762e+02 4.213686274509803980e+02
6.539848733770207900e+02 3.376470588235294485e+02 4.495411764705882547e+02
6.309180001075657174e+02 3.819568627450980216e+02 4.389333333333333371e+02
6.533027372774766945e+02 3.611725490196078567e+02 4.418980392156863104e+02
5.141935898416777491e+02 3.976627450980392382e+02 4.153647058823530074e+02
5.918787245912250228e+02 3.883294117647058101e+02 3.985960784313725753e+02
5.159061669479187913e+02 3.968392156862745423e+02 4.296352941176471063e+02
6.994183080039316565e+02 3.101725490196078567e+02 4.973490196078431040e+02
6.721446373326944013e+02 3.418039215686275156e+02 4.402705882352940421e+02
5.167350120654039074e+02 3.976627450980392382e+02 4.019372549019607845e+02
5.068816707379335753e+02 4.031882352941176464e+02 4.186470588235293917e+02
6.745016718449737709e+02 3.268431372549019898e+02 4.962666666666666515e+02
5.061492491192900047e+02 4.025686274509803866e+02 4.167529411764705856e+02
5.114641453840403074e+02 3.951294117647058783e+02 4.143960784313726435e+02
5.241050686525356923e+02 3.951294117647058783e+02 3.878352941176470381e+02
5.207548903808841487e+02 3.981294117647058783e+02 3.941843137254901990e+02
6.325824109885082862e+02 3.556078431372549176e+02 4.430117647058823422e+02
7.098486985871420529e+02 3.106078431372549744e+02 4.899843137254902103e+02
6.982534598143823814e+02 3.191843137254901990e+02 4.598784313725489596e+02
5.058938527758776900e+02 4.011882352941176464e+02 4.173294117647058670e+02
6.162254783275561749e+02 3.720117647058823991e+02 4.232627450980392041e+02
5.740434590706819336e+02 3.642627450980392041e+02 3.676156862745098124e+02
6.595541316680795489e+02 3.412078431372549403e+02 4.323294117647059238e+02
6.581115999735449122e+02 3.656549019607844002e+02 4.256980392156862649e+02
6.557887369895513530e+02 3.527215686274510063e+02 4.612156862745097783e+02
6.143222866613537008e+02 3.673647058823529505e+02 4.202627450980392041e+02
5.056033446479585223e+02 3.967607843137254804e+02 4.172117647058823877e+02
5.340520052696035691e+02 3.914705882352941444e+02 3.832980392156862308e+02
5.224417271007242789e+02 3.997607843137254804e+02 3.856039215686274702e+02
6.229705652118199168e+02 3.772039215686274929e+02 4.300000000000000000e+02
5.915092833441256062e+02 3.762274509803921205e+02 3.894039215686274815e+02
5.253441474261959456e+02 3.923450980392157135e+02 3.857490196078430813e+02
5.733217787091541595e+02 3.829607843137254690e+02 3.748784313725490733e+02
6.914784561534627301e+02 3.061921568627450938e+02 4.738274509803921433e+02
6.770694692977535851e+02 3.192784313725490506e+02 4.702549019607843093e+02
5.088644694768802879e+02 3.967568627450980330e+02 4.334588235294118022e+02
5.510534296759424251e+02 3.946196078431372598e+02 3.647882352941176123e+02
6.546311982199027852e+02 3.306549019607844002e+02 4.631450980392156680e+02
6.732143307551574480e+02 3.749176470588234906e+02 4.453725490196078454e+02
5.783171417294629464e+02 3.858627450980392268e+02 3.782509803921568619e+02
5.921707061549861919e+02 3.816980392156862649e+02 3.927529411764706424e+02
5.131555717840024045e+02 3.983568627450980557e+02 4.021333333333333826e+02
