4.678147015453468498e+02 2.030394704182942576e+02
6.123981637727306406e+02 9.199375699922148897e+01
6.123981637727306406e+02 9.199375699922148897e+01
5.774025939586250615e+02 9.193864330029956022e+01
5.498892916630343279e+02 9.599613715901097066e+01
5.511783906077927213e+02 9.653565090777824764e+01
5.437638219179027601e+02 9.690304307002647022e+01
5.369958402897169663e+02 1.031619530135509848e+02
5.327439711705651462e+02 1.024064745846916793e+02
5.272370045820274527e+02 1.066384431838989428e+02
5.253616454169919052e+02 1.068385530471801559e+02
5.192331173391104358e+02 1.137747215738483391e+02
5.174725688030998754e+02 1.162624470598557451e+02
5.147085046260962145e+02 1.169125764902900357e+02
5.094680441475412067e+02 1.185056118104972001e+02
5.082441189617201189e+02 1.169733215855617203e+02
5.060101828652359472e+02 1.269458471036424640e+02
5.077298499121846476e+02 1.169743648678648782e+02
5.034417049427832467e+02 1.255172276590384968e+02
5.008090989031830418e+02 1.222272198321772265e+02
4.996362239648453851e+02 1.295330197427787198e+02
4.992158378539658088e+02 1.268644981459075751e+02
4.944485672777516356e+02 1.365597883411482201e+02
4.921533196784897655e+02 1.377154588661942114e+02
4.912086213328965982e+02 1.373114941241694567e+02
4.875491884488870369e+02 1.484761961918251529e+02
4.860026442750165643e+02 1.542219530666575906e+02
4.844072205409143521e+02 1.544062667921477612e+02
4.807639581237856987e+02 1.641128901537726961e+02
4.773065195039260971e+02 1.674073685664757534e+02
4.740988380706571661e+02 1.832410273308847763e+02
4.703250934357227493e+02 1.887340312060187841e+02
