4.671904328720590343e+02 4.740000000000000000e+02 4.740000000000000000e+02
7.841022486302082370e+02 2.603176470588235816e+02 5.794039215686274247e+02
5.753807832117910266e+02 4.063450980392157135e+02 3.566078431372549176e+02
4.691634667985164810e+02 4.344862745098039341e+02 4.689254901960784423e+02
5.811193708710179635e+02 3.708352941176470949e+02 3.717803921568627175e+02
5.034660387315154253e+02 4.028392156862745423e+02 4.185764705882352814e+02
5.703618398328846979e+02 3.720588235294117680e+02 3.767176470588235588e+02
5.814267945936654769e+02 3.731058823529411939e+02 3.695568627450980443e+02
4.798510573875267369e+02 4.117137254901961114e+02 4.613960784313725298e+02
5.654158316670528848e+02 3.766588235294117339e+02 3.716078431372549176e+02
5.656701438353863978e+02 3.765450980392157021e+02 3.715372549019607504e+02
6.278025889934996258e+02 3.220549019607842069e+02 4.616705882352941330e+02
6.386664339507600516e+02 3.518823529411764639e+02 3.856470588235293917e+02
5.050861912748863460e+02 4.039333333333332803e+02 4.109058823529412052e+02
5.814267945936654769e+02 3.731058823529411939e+02 3.695568627450980443e+02
5.114223091129726413e+02 4.029294117647058329e+02 3.947176470588235020e+02
5.242284800824304511e+02 3.997647058823529278e+02 3.769294117647058897e+02
6.280821706496647039e+02 3.216313725490195452e+02 4.616705882352941330e+02
5.811193708710179635e+02 3.708352941176470949e+02 3.717803921568627175e+02
5.309476013268047154e+02 4.007647058823529278e+02 3.716549019607842865e+02
5.225434088984576420e+02 4.007372549019607959e+02 3.785490196078431495e+02
5.163150159067130289e+02 3.997372549019607959e+02 3.857960784313725640e+02
5.627772690879612583e+02 3.993568627450980557e+02 3.573294117647058670e+02
6.825220157642896766e+02 2.850705882352941103e+02 5.504509803921569073e+02
5.198276338427724568e+02 4.003254901960784764e+02 3.834509803921569073e+02
5.230681313612535632e+02 3.997647058823529278e+02 3.769294117647058897e+02
4.672883704072805244e+02 4.700000000000000000e+02 4.700000000000000000e+02
5.187334420926779330e+02 3.993254901960784764e+02 3.854509803921568505e+02
5.214093502343968112e+02 4.007372549019607959e+02 3.785490196078431495e+02
4.763010038037797926e+02 4.154509803921568505e+02 4.613058823529411825e+02
7.607768153470312882e+02 2.612509803921568619e+02 5.765215686274509608e+02
5.230944214183696204e+02 3.997647058823529278e+02 3.769294117647058897e+02
5.221958850209288130e+02 4.017372549019607959e+02 3.795490196078431495e+02
5.407423664996701973e+02 4.017254901960784537e+02 3.651999999999999886e+02
5.235686416788670385e+02 4.003254901960784764e+02 3.782039215686274360e+02
4.764798098305822691e+02 4.154509803921568505e+02 4.613058823529411825e+02
5.187786443705458623e+02 3.993176470588235247e+02 3.854509803921568505e+02
5.183869419904260667e+02 3.994313725490196134e+02 3.832588235294117567e+02
5.587893197516323198e+02 3.998431372549019898e+02 3.573882352941176350e+02
4.774017701429926319e+02 4.137137254901961114e+02 4.613960784313725298e+02
5.187334420926779330e+02 3.993254901960784764e+02 3.854509803921568505e+02
4.691571935247533816e+02 4.334862745098039341e+02 4.679254901960784423e+02
6.386664339507600516e+02 3.518823529411764639e+02 3.856470588235293917e+02
5.600948934901298344e+02 3.839882352941176578e+02 3.677254901960783968e+02
4.764798098305822691e+02 4.154509803921568505e+02 4.613058823529411825e+02
5.231931126869337731e+02 4.003333333333333144e+02 3.780705882352941671e+02
4.691571935247533816e+02 4.334862745098039341e+02 4.679254901960784423e+02
6.959254090721516377e+02 2.791607843137254577e+02 5.464313725490196703e+02
5.654410355923439511e+02 3.766823529411764753e+02 3.715372549019607504e+02
5.853265884957032767e+02 3.644235294117647186e+02 3.848000000000000114e+02
5.563587370398231542e+02 4.008431372549019898e+02 3.576078431372548607e+02
7.561990919322712443e+02 2.628313725490195907e+02 5.705215686274509608e+02
4.760377108101357635e+02 4.159921568627451052e+02 4.615411764705882547e+02
5.186094919195801367e+02 3.997215686274510063e+02 3.857960784313725640e+02
5.375596860635237135e+02 4.007921568627451165e+02 3.696039215686274702e+02
5.661822976419475708e+02 3.776823529411764753e+02 3.719215686274509949e+02
5.071117066099774320e+02 4.029294117647058329e+02 4.050666666666666629e+02
5.563587370398231542e+02 4.008431372549019898e+02 3.576078431372548607e+02
5.238809562049016222e+02 4.007647058823529278e+02 3.779294117647058897e+02
4.764798098305822691e+02 4.154509803921568505e+02 4.613058823529411825e+02
5.097739895220836956e+02 4.029294117647058329e+02 3.984784313725490392e+02
4.774017701429926319e+02 4.137137254901961114e+02 4.613960784313725298e+02
5.238809562049016222e+02 4.007647058823529278e+02 3.779294117647058897e+02
5.214093502343968112e+02 4.007372549019607959e+02 3.785490196078431495e+02
6.430918581072601228e+02 3.435764705882353383e+02 3.955607843137254918e+02
5.187334420926779330e+02 3.993254901960784764e+02 3.854509803921568505e+02
5.220138517450051268e+02 4.003411764705882661e+02 3.780705882352941671e+02
5.233644446219931297e+02 4.003254901960784764e+02 3.782039215686274360e+02
4.764798098305822691e+02 4.154509803921568505e+02 4.613058823529411825e+02
5.607019190459499214e+02 4.003568627450980557e+02 3.573999999999999773e+02
6.806592312560650271e+02 2.889647058823529733e+02 5.334705882352941444e+02
5.842513679915316516e+02 3.717529411764705856e+02 3.707686274509803184e+02
5.718341218356663376e+02 4.050666666666666629e+02 3.571607843137254577e+02
5.661822976419475708e+02 3.776823529411764753e+02 3.719215686274509949e+02
7.558603270017836167e+02 2.626941176470588744e+02 5.715215686274509608e+02
6.959254090721516377e+02 2.791607843137254577e+02 5.464313725490196703e+02
5.338222644839095210e+02 4.005960784313725753e+02 3.729372549019607845e+02
5.394782418661332031e+02 4.017019607843137123e+02 3.661058823529411939e+02
5.212532136687815409e+02 4.007372549019607959e+02 3.785490196078431495e+02
5.231931126869337731e+02 4.003333333333333144e+02 3.780705882352941671e+02
5.811722595962871765e+02 3.710745098039215577e+02 3.714823529411764298e+02
4.774017701429926319e+02 4.137137254901961114e+02 4.613960784313725298e+02
5.221958850209288130e+02 4.017372549019607959e+02 3.795490196078431495e+02
4.774017701429926319e+02 4.137137254901961114e+02 4.613960784313725298e+02
5.187334420926779330e+02 3.993254901960784764e+02 3.854509803921568505e+02
5.811722595962871765e+02 3.710745098039215577e+02 3.714823529411764298e+02
5.228266765886531857e+02 4.013411764705882661e+02 3.790705882352941671e+02
5.814267945936654769e+02 3.731058823529411939e+02 3.695568627450980443e+02
5.230944214183696204e+02 3.997647058823529278e+02 3.769294117647058897e+02
5.214093502343968112e+02 4.007372549019607959e+02 3.785490196078431495e+02
5.230944214183696204e+02 3.997647058823529278e+02 3.769294117647058897e+02
5.656701438353863978e+02 3.765450980392157021e+02 3.715372549019607504e+02
5.221958850209288130e+02 4.017372549019607959e+02 3.795490196078431495e+02
4.667446608484718809e+02 4.624509803921568505e+02 4.730000000000000000e+02
5.221958850209288130e+02 4.017372549019607959e+02 3.795490196078431495e+02
5.089735249281171150e+02 4.038862745098038545e+02 4.041137254901960887e+02
5.221156381371528141e+02 4.013411764705882661e+02 3.792039215686274360e+02
5.214093502343968112e+02 4.007372549019607959e+02 3.785490196078431495e+02
4.760377108101357635e+02 4.159921568627451052e+02 4.615411764705882547e+02
5.183869419904260667e+02 3.994313725490196134e+02 3.832588235294117567e+02
5.660570141224850431e+02 3.791647058823529619e+02 3.709137254901961001e+02
6.796942667579035060e+02 2.998549019607842752e+02 4.895882352941176805e+02
4.691571935247533816e+02 4.334862745098039341e+02 4.679254901960784423e+02
