1.743993255140734675e+02 6.952776628082874595e+02
3.384912351214418322e+02 3.269140236574060623e+02
3.384912351214418322e+02 3.269140236574060623e+02
3.280706431836474621e+02 3.273265530081355905e+02
3.218172235917812145e+02 3.331581802517760025e+02
3.083014548300528190e+02 3.352234903298171957e+02
3.025508118740484065e+02 3.385033843395756890e+02
3.008857842556402034e+02 3.448742902419146503e+02
2.935262783890845526e+02 3.491032588509952461e+02
2.894407177288158550e+02 3.493552823758593036e+02
2.922998747151272028e+02 3.544491449692670244e+02
2.805035412076641705e+02 3.659291880888096671e+02
2.689065099920712782e+02 3.798996786080153925e+02
2.774903489874858451e+02 3.809662625780292160e+02
2.612665451344321355e+02 3.802266824460496650e+02
2.639233413146114913e+02 3.876103805541992529e+02
2.544114236019696875e+02 3.975554157032686931e+02
2.387880040631574445e+02 3.997798863728842207e+02
2.423780076463140745e+02 4.030739489985447221e+02
2.354299294710159529e+02 4.132561255660711481e+02
2.318052471231011964e+02 4.271200311398974918e+02
2.310759649159861056e+02 4.198404118556601361e+02
2.330406080652685432e+02 4.216635961495193783e+02
2.212756744211795024e+02 4.390420703364353585e+02
2.152913922529594402e+02 4.462167531929764550e+02
2.099697804857703147e+02 4.449081848144531932e+02
2.085286274523419081e+02 4.626293883678959560e+02
2.023572273840214564e+02 4.653496001000498268e+02
2.037644704535018718e+02 4.806865372003293260e+02
2.048720628407947970e+02 4.819931844075520644e+02
1.838079096606256826e+02 5.140738709692860766e+02
1.836053294137412593e+02 5.500131452373428829e+02
