4.788623366822685057e+02 1.489227959576774936e+02
5.284055648221973343e+02 1.172275764096017099e+02
5.284055648221973343e+02 1.172275764096017099e+02
5.064733119681010294e+02 1.172661764275793814e+02
5.065760491368852172e+02 1.179727411550634031e+02
5.032144363296715142e+02 1.173332273539374739e+02
5.014886891828998614e+02 1.176049058745888942e+02
4.988422503539811714e+02 1.189550549020954122e+02
4.991135450878409756e+02 1.204191842864541400e+02
4.974788271646130511e+02 1.208780078158658853e+02
4.968436845164454780e+02 1.218709098161435520e+02
4.951503010770759374e+02 1.215241020202636832e+02
4.967342285846971208e+02 1.271907058566224009e+02
4.955709477138830152e+02 1.200691804175283437e+02
4.942571792245679489e+02 1.219271098267798550e+02
4.930890665969483280e+02 1.214798392651127585e+02
4.940878191252817260e+02 1.204581412371467479e+02
4.934008745426684754e+02 1.220122314153933019e+02
4.908175204806705096e+02 1.279317137475107131e+02
4.906871345370730069e+02 1.278696509866153406e+02
4.885937432956914108e+02 1.318576941695868072e+02
4.910505649715058780e+02 1.273388745476217991e+02
4.889297200160058310e+02 1.258865921319699908e+02
4.872093292732474765e+02 1.371156626981847637e+02
4.849448154970200449e+02 1.397429174984202689e+02
4.858866563577945499e+02 1.362849489399031029e+02
4.854731262456015202e+02 1.378749960207472043e+02
4.829700486536376047e+02 1.406433881497850678e+02
4.832788787338454881e+02 1.464726273405785832e+02
4.818514038298015976e+02 1.405120783113965786e+02
4.825087026451773227e+02 1.419720901190065661e+02
4.803782817728100554e+02 1.492708548452339983e+02
