4.673667143591278546e+02 2.142863766614128451e+02
6.213849982051482357e+02 9.343603526751199695e+01
6.213849982051482357e+02 9.343603526751199695e+01
5.739291250188102822e+02 9.568923536468955149e+01
5.642767198256434540e+02 9.717122353104984711e+01
5.609899009046329184e+02 9.663486273428974016e+01
5.555050765714474892e+02 9.669441175928302812e+01
5.485758793017919288e+02 9.877243916287143577e+01
5.491241698691277406e+02 9.931794112616894665e+01
5.485913161982393831e+02 9.820555683865268293e+01
5.465488871089501117e+02 9.828884702850791655e+01
5.464765403723201871e+02 9.829545881140465724e+01
5.453965102454698126e+02 9.834846274338516992e+01
5.403716260390220896e+02 1.019350628516253323e+02
5.446345716924877252e+02 9.864258039044399595e+01
5.424967574923715574e+02 1.009021136957056370e+02
5.424962735386812938e+02 1.015321451916414190e+02
5.364604668084974719e+02 1.034148824803969546e+02
5.358909322237881270e+02 1.036777333427878034e+02
5.359514684184233602e+02 1.062941647099513744e+02
4.971187829744022793e+02 1.738660900489956305e+02
4.920777937636747197e+02 1.786173920874501846e+02
4.992181873080697869e+02 1.768228942347507484e+02
5.004770072252610476e+02 1.723587607963411870e+02
4.907784798438745497e+02 1.754241450665043089e+02
4.883863884306786645e+02 1.785693333345300573e+02
4.885218524485146077e+02 1.781501921934239476e+02
4.878924324282358498e+02 1.774893020555084320e+02
4.842813081757708460e+02 1.830651764963187986e+02
4.796139649615342364e+02 1.901242980807435288e+02
4.761197810495121416e+02 1.916132784974341519e+02
4.706805380930285878e+02 1.962906902238434270e+02
