  493.01714582  501.          501.        
  789.06386875  384.62745098  621.10196078
  604.89320635  433.85490196  388.47843137
  562.02422822  423.8745098   404.13333333
  581.73226707  429.37254902  392.24705882
  569.25949408  427.87843137  399.76078431
  582.34054351  427.23921569  394.36078431
  512.18619181  435.6         487.06666667
  604.25531933  416.00784314  400.61568627
  564.00044745  423.8745098   403.23921569
  569.06745522  426.87843137  398.97254902
  569.24045446  426.87843137  399.54901961
  568.41635253  427.90196078  399.52156863
  554.46950958  423.87843137  416.50196078
  511.25048803  435.48235294  487.06666667
  504.98261226  448.5372549   492.8627451 
  510.93981998  436.43137255  487.19607843
  592.65739912  429.76078431  391.21176471
  567.03921754  428.90588235  399.42352941
  517.85823091  430.17254902  483.80392157
  581.73226707  429.37254902  392.24705882
  554.96464648  425.87843137  413.23921569
  578.23365201  427.22745098  396.42745098
  550.04645998  428.14509804  416.41960784
  562.29997625  425.90196078  406.61176471
  564.5366416   424.87843137  405.58823529
  550.96933508  428.14509804  416.41960784
  544.64675205  422.89019608  431.26666667
  562.87097039  423.8745098   408.4       
  511.25048803  435.48235294  487.06666667
  566.87995986  427.90196078  399.78431373
  568.02476705  427.90196078  398.99607843
  606.57019101  413.29411765  404.6745098 
  566.57169987  425.8745098   401.42352941
  549.58622395  427.18431373  414.94509804
  499.80990126  456.95294118  495.89411765
  500.34188805  455.94901961  495.79607843
  554.46950958  423.87843137  416.50196078
  549.58622395  427.18431373  414.94509804
  554.98831726  423.87843137  412.18431373
  562.02422822  423.8745098   404.13333333
  658.1522517   393.74901961  423.28627451
  554.98571764  425.87843137  413.23921569
  591.62805004  429.37254902  389.78431373
  524.20125321  427.2627451   483.01568627
  524.20125321  427.2627451   483.01568627
  554.98831726  423.87843137  412.18431373
  581.73226707  429.37254902  392.24705882
  510.93981998  436.43137255  487.19607843
  591.90547807  429.23921569  389.78431373
  568.02476705  427.90196078  398.99607843
  538.86667994  427.18823529  436.48627451
  509.93731933  436.70588235  488.22352941
  562.02422822  423.8745098   404.13333333
  554.98571764  425.87843137  413.23921569
  517.85823091  430.17254902  483.80392157
  539.31677794  429.18823529  438.48627451
  768.86868322  385.74117647  615.3254902 
  517.85823091  430.17254902  483.80392157
  560.82643849  424.90196078  404.62745098
  583.70543706  429.23921569  391.97254902
  537.19846739  434.24705882  440.04705882
  590.46026839  429.23921569  391.07058824